Inches,Ram,Weight,Price,ScreenW,ScreenH,CPU_freq,PrimaryStorage,SecondaryStorage
1.0,0.24107774297971418,0.8266379625499088,0.06660794107004486,0.0682234509583766,0.09306188074224692,0.3050374120894715,0.2642801029158208,0.3890672671431689
0.24107774297971418,1.0,0.38937043825401385,0.7402865271622714,0.4240889121404369,0.4152407945028648,0.3662537057137717,0.015365081538279412,0.39093854535211164
0.8266379625499088,0.38937043825401385,1.0,0.21188344492206512,0.028605173141347924,0.05010552842962677,0.31864934556335206,0.17543344804396627,0.48149542436103554
0.06660794107004486,0.7402865271622714,0.21188344492206512,1.0,0.5524905658784388,0.5485291571162692,0.4288472377316171,0.12477515194071419,0.29120695010730613
0.0682234509583766,0.4240889121404369,0.028605173141347924,0.5524905658784388,1.0,0.9940690344373391,0.17865907724079552,0.07297726432834747,0.1462316972400455
0.09306188074224692,0.4152407945028648,0.05010552842962677,0.5485291571162692,0.9940690344373391,1.0,0.16436939760181812,0.0801346781841393,0.1352925206413184
0.3050374120894715,0.3662537057137717,0.31864934556335206,0.4288472377316171,0.17865907724079552,0.16436939760181812,1.0,0.05632031934696912,0.2245207326467242
0.2642801029158208,0.015365081538279412,0.17543344804396627,0.12477515194071419,0.07297726432834747,0.0801346781841393,0.05632031934696912,1.0,0.24418194437179663
0.3890672671431689,0.39093854535211164,0.48149542436103554,0.29120695010730613,0.1462316972400455,0.1352925206413184,0.2245207326467242,0.24418194437179663,1.0
